[-0.045, 0.213, 0.643]
[0.196, 0.556, 1.573]
[0.227, 0.53, 1.504]
[0.232, 0.535, 1.519]
[0.228, 0.526, 1.493]
[0.228, 0.523, 1.493]
[0.232, 0.525, 1.504]
[0.238, 0.516, 1.493]
[0.257, 0.517, 1.49]
[0.086, 0.521, 1.493]
[0.082, 0.525, 1.512]
[0.077, 0.519, 1.508]
[0.074, 0.513, 1.5]
[0.057, 0.518, 1.493]
[0.06, 0.52, 1.504]
[0.06, 0.524, 1.508]
[0.3, 0.501, 1.486]
[0.305, 0.504, 1.486]
[0.302, 0.498, 1.475]
[0.287, 0.561, 1.632]
[0.293, 0.562, 1.61]
[0.296, 0.569, 1.64]
[0.287, 0.581, 1.636]
[0.3, 0.583, 1.632]
[0.307, 0.572, 1.602]
[0.313, 0.587, 1.645]
[0.295, 0.567, 1.632]
[0.29, 0.566, 1.623]
[0.289, 0.561, 1.615]
[0.287, 0.567, 1.632]
[0.287, 0.565, 1.636]
[0.286, 0.558, 1.615]
[0.267, 0.562, 1.627]
[0.266, 0.561, 1.623]
[0.266, 0.559, 1.619]
[0.265, 0.567, 1.632]
[0.265, 0.574, 1.645]
[0.265, 0.567, 1.632]
[0.262, 0.559, 1.61]
[0.262, 0.561, 1.615]
[0.261, 0.563, 1.623]
[0.256, 0.568, 1.627]
[0.256, 0.565, 1.627]
[0.257, 0.574, 1.645]
[0.25, 0.561, 1.623]
[0.25, 0.561, 1.623]
[0.25, 0.562, 1.619]
[0.25, 0.571, 1.636]
[0.257, 0.574, 1.645]
[0.252, 0.569, 1.632]
[0.255, 0.573, 1.636]
[0.258, 0.575, 1.64]
[0.258, 0.572, 1.64]
[0.26, 0.575, 1.649]
[0.252, 0.565, 1.619]
[0.254, 0.568, 1.627]
[0.257, 0.574, 1.645]
[0.252, 0.562, 1.619]
[0.257, 0.569, 1.632]
[0.261, 0.569, 1.64]
[0.258, 0.569, 1.64]
[0.252, 0.569, 1.632]
[0.254, 0.565, 1.627]
[0.252, 0.561, 1.615]
[0.248, 0.566, 1.623]
[0.243, 0.573, 1.627]
[0.243, 0.57, 1.627]
[0.236, 0.577, 1.632]
[0.238, 0.567, 1.61]
[0.246, 0.583, 1.649]
[0.248, 0.577, 1.64]
[0.244, 0.577, 1.632]
[0.242, 0.571, 1.623]
[0.245, 0.577, 1.64]
[0.245, 0.573, 1.619]
[0.245, 0.57, 1.619]
[0.246, 0.576, 1.627]
[-0.159, 0.201, 1.5]
[-0.163, 0.199, 1.519]
[-0.163, 0.197, 1.523]
[-0.158, 0.196, 1.515]
[-0.151, 0.186, 1.424]
[-0.156, 0.191, 1.475]
[-0.16, 0.196, 1.515]
[-0.161, 0.199, 1.523]
[-0.161, 0.194, 1.504]
[-0.169, 0.197, 1.527]
[-0.16, 0.193, 1.493]
[-0.162, 0.19, 1.49]
[-0.171, 0.195, 1.527]
[-0.166, 0.198, 1.497]
[-0.166, 0.198, 1.458]
[-0.164, 0.201, 1.479]
[-0.171, 0.201, 1.5]
[-0.17, 0.195, 1.49]
[-0.174, 0.199, 1.504]
[-0.175, 0.2, 1.512]
[-0.177, 0.201, 1.515]
[-0.174, 0.199, 1.504]
[-0.184, 0.205, 1.546]
[-0.175, 0.198, 1.512]
[-0.165, 0.188, 1.451]
[-0.168, 0.191, 1.5]
[-0.168, 0.188, 1.458]
[-0.176, 0.194, 1.5]
[-0.178, 0.194, 1.5]
[-0.175, 0.201, 1.519]
[-0.171, 0.194, 1.482]
[-0.17, 0.195, 1.512]
[-0.161, 0.191, 1.475]
[-0.166, 0.194, 1.523]
[-0.172, 0.192, 1.508]
[-0.174, 0.187, 1.486]
[-0.168, 0.189, 1.5]
[-0.174, 0.185, 1.468]
[-0.188, 0.189, 1.542]
[-0.161, 0.176, 1.497]
[-0.159, 0.18, 1.508]
[-0.166, 0.179, 1.5]
[-0.168, 0.173, 1.451]
[-0.175, 0.176, 1.497]
[-0.174, 0.172, 1.504]
[-0.166, 0.172, 1.482]
[-0.156, 0.166, 1.431]
[-0.154, 0.17, 1.461]
[-0.178, 0.176, 1.497]
[-0.19, 0.181, 1.534]
[-0.186, 0.177, 1.527]
[-0.176, 0.172, 1.5]
[-0.177, 0.168, 1.49]
[-0.173, 0.169, 1.458]
[-0.197, 0.176, 1.512]
[-0.195, 0.169, 1.497]
[-0.179, 0.168, 1.468]
[-0.174, 0.175, 1.504]
[-0.174, 0.172, 1.461]
[-0.17, 0.171, 1.49]
[-0.174, 0.17, 1.504]
[-0.173, 0.167, 1.5]
[-0.179, 0.175, 1.527]
[-0.171, 0.167, 1.458]
[-0.181, 0.162, 1.482]
[-0.175, 0.159, 1.451]
[-0.185, 0.161, 1.493]
[-0.186, 0.162, 1.5]
[-0.185, 0.161, 1.493]
[-0.184, 0.166, 1.49]
[-0.188, 0.164, 1.5]
[-0.185, 0.161, 1.493]
[-0.185, 0.161, 1.493]
[-0.181, 0.172, 1.523]
[-0.181, 0.169, 1.5]
[-0.178, 0.164, 1.475]
[-0.182, 0.168, 1.508]
[-0.172, 0.168, 1.465]
[-0.174, 0.162, 1.461]
[-0.17, 0.164, 1.475]
[-0.176, 0.162, 1.461]
[-0.179, 0.158, 1.468]
[-0.183, 0.162, 1.5]
[-0.181, 0.16, 1.504]
[-0.178, 0.159, 1.523]
[-0.175, 0.147, 1.451]
[-0.18, 0.152, 1.472]
[-0.184, 0.158, 1.486]
[-0.187, 0.164, 1.472]
[-0.192, 0.162, 1.454]
[-0.201, 0.173, 1.468]
[-0.204, 0.176, 1.475]
[-0.191, 0.18, 1.504]
